1000000	6313	100	6.0	34	1000000	0.009584
1000000	7248	100	12.0	34	1000000	0.008908
1000000	8422	100	15.0	546	1000000	0.010414
1000000	10110	100	3.0	1784	885760	0.017353
1000000	13294	100	6.0	34	1000000	0.007674
1000000	25000	100	7.0	546	667974	0.00969
1000000	28465	1000	160.0	546	140623	0.006534
1000000	32808	1000	90.0	546	87891	0.006468
1000000	38259	1000	10.0	402	1000000	0.011052
1000000	46000	1000	80.0	276	1000000	0.009631
1000000	60870	1000	90.0	258	843753	0.009966
1000000	100000	1000	90.0	314	109375	0.005842
1000000	123175	10000	1800.0	414	23435	0.007925
1000000	143444	10000	400.0	110	914062	0.011603
1000000	168630	10000	1500.0	110	914062	0.010428
1000000	204938	10000	600.0	98	109374	0.008005
1000000	273405	10000	100.0	98	62499	0.007875
1000000	300000	10000	700.0	98	46874	0.007005
1000000	319413	50000	0	0	0	1.7976931348623157e+308
1000000	378200	50000	0	0	0	1.7976931348623157e+308
1000000	451743	50000	0	0	0	1.7976931348623157e+308
1000000	557011	50000	500.0	34	124999	0.014011
1000000	755093	50000	1500.0	34	124999	0.014997
1000000	900000	50000	0	0	0	1.7976931348623157e+308
