M VECT_SIZE L acc meanS stdDevS meanU stdDevU
100000	45776	2	0.5	0.040000	0.397995	16.960000	5.031739
100000	55078	1	0.6	0.000000	0.000000	14.960000	1.754537
100000	66646	1	0.7	0.000000	0.000000	14.440000	1.951000
100000	83158	1	0.8	0.000000	0.000000	14.680000	1.880851
100000	114146	1	0.9	0.040000	0.397995	14.840000	2.138785
1000000	123174	4	0.5	0.240000	1.105622	150.960000	5.895625
1000000	143343	3	0.6	0.400000	1.200000	149.120000	3.536326
1000000	168629	3	0.7	4.200000	3.458323	151.080000	3.615743
1000000	204937	3	0.8	6.400000	2.262742	154.720000	3.660820
1000000	273404	3	0.9	7.440000	2.940476	161.360000	4.807328
10000000	284637	6	0.5	134.320000	11.975709	1551.560000	31.703098
10000000	328071	6	0.6	240.600000	50.969403	1635.960000	98.569764
10000000	382577	6	0.7	393.800000	122.345576	1696.480000	125.296806
10000000	460899	6	0.8	666.320000	154.564865	1816.040000	99.274964
10000000	608694	6	0.9	857.040000	254.236186	1728.800000	138.210275
