M VECT_SIZE L acc meanS stdDevS meanU stdDevU
100000	12317	4	0.5	0.000120	0.000682	0.018440	0.006116
100000	14334	3	0.6	0.000040	0.000398	0.014400	0.002040
100000	16863	3	0.7	0.000280	0.001021	0.014840	0.001984
100000	20494	3	0.8	0.000120	0.000682	0.015560	0.001252
100000	27340	3	0.9	0.000120	0.000682	0.015960	0.000894
1000000	28464	6	0.5	0.000960	0.002049	0.156520	0.002865
1000000	32807	6	0.6	0.000680	0.001702	0.161760	0.002486
1000000	38258	6	0.7	0.000640	0.001572	0.165280	0.002706
1000000	46090	5	0.8	0.000720	0.001908	0.158920	0.005055
1000000	60869	5	0.9	0.000560	0.001388	0.163400	0.002615
10000000	63119	8	0.5	0.078720	0.050126	1.603840	0.029810
10000000	72474	8	0.6	0.223520	0.029045	1.625000	0.024802
10000000	84214	8	0.7	0.311000	0.032132	1.616280	0.024911
10000000	101088	8	0.8	0.426520	0.039834	1.646320	0.050429
10000000	132932	8	0.9	0.590640	0.067258	1.720240	0.052727
