OUT: 0	0.010000	0.217139	0.208669	0.833000
OUT: 1	0.010000	0.067473	0.040083	0.735800
OUT: 0	0.020000	0.373177	0.409207	0.833000
OUT: 1	0.020000	0.067623	0.040125	0.736600
OUT: 0	0.030000	0.413796	0.548725	0.761200
OUT: 1	0.030000	0.068448	0.039825	0.744600
OUT: 0	0.040000	0.468047	0.632397	0.738600
OUT: 1	0.040000	0.068846	0.039636	0.747800
OUT: 0	0.050000	0.475372	0.728340	0.671800
OUT: 1	0.050000	0.069245	0.039573	0.751600
OUT: 0	0.060000	0.548002	0.934839	0.621200
OUT: 1	0.060000	0.069172	0.039619	0.750000
OUT: 0	0.070000	0.546868	0.907132	0.643600
OUT: 1	0.070000	0.068379	0.040136	0.741200
OUT: 0	0.080000	0.483927	0.938804	0.512800
OUT: 1	0.080000	0.068947	0.040136	0.744200
OUT: 0	0.090000	0.515831	1.031794	0.517600
OUT: 1	0.090000	0.068877	0.040164	0.743800
OUT: 0	0.100000	0.519131	1.128226	0.458800
OUT: 1	0.100000	0.067716	0.040852	0.730800
OUT: 0	0.110000	0.522178	1.232343	0.431600
OUT: 1	0.110000	0.069661	0.039878	0.751000
OUT: 0	0.120000	0.507337	1.215833	0.391000
OUT: 1	0.120000	0.068859	0.040447	0.740800
OUT: 0	0.130000	0.510466	1.248310	0.374800
OUT: 1	0.130000	0.069009	0.040491	0.741600
OUT: 0	0.140000	0.487314	1.252264	0.357800
OUT: 1	0.140000	0.069263	0.040363	0.744200
OUT: 0	0.150000	0.567386	1.625392	0.344800
OUT: 1	0.150000	0.069944	0.040001	0.751000
