822808	37.603947	1761.04	0.007730	49639	65534
952831	13.369469	1778.00	0.000083	50350	65534
1658672	18.436744	1823.45	0.000045	52256	65534
1758528	6.891531	1827.00	0.000025	52405	65534
3728697	8.340136	1865.13	0.000012	54004	65534
4012625	8.280981	1866.92	0.000008	54079	65534
4323990	16.291024	1868.35	0.000004	54139	65534
5262702	15.427494	1871.88	0.000003	54287	65534
6160423	9.066367	1874.90	0.000003	54414	65534
7343370	13.150353	1878.08	0.000003	54547	65534
8235017	3.653551	1879.82	0.000002	54620	65534
10642405	9.868420	1882.44	0.000001	54730	65534
11205632	29.601750	1883.30	0.000002	54766	65534
11648833	6.692861	1883.73	0.000001	54784	65534
12342973	30.561040	1884.37	0.000001	54811	65534
16031560	24.675058	1887.85	0.000001	54957	65534
17066397	22.192285	1888.19	0.000001	54971	65534
17524395	8.974827	1888.19	0.000000	54971	65534
18463516	19.204718	1888.69	0.000001	54992	65534
19815630	4.673972	1889.14	0.000001	55011	65534
19934930	3.681281	1889.26	0.000001	55016	65534
20557961	6.937060	1889.57	0.000001	55029	65534
20883684	9.587619	1889.62	0.000000	55031	65534
21261582	12.846736	1889.81	0.000001	55039	65534
21581457	5.980012	1890.02	0.000001	55048	65534
21664761	11.704879	1890.02	0.000000	55048	65534
22309999	7.070341	1890.31	0.000001	55060	65534
24159575	22.691377	1890.91	0.000001	55085	65534
26193921	22.195977	1891.57	0.000001	55113	65534
26432614	0.971997	1891.74	0.000001	55120	65534
33581737	12.375733	1893.86	0.000001	55209	65534
33624297	2.815073	1893.86	0.000000	55209	65534
33628421	3.703925	1893.86	0.000000	55209	65534
34418764	6.290047	1893.98	0.000000	55214	65534
34948847	2.995331	1894.22	0.000001	55224	65534
35341277	3.533930	1894.24	0.000000	55225	65534
35762449	7.151884	1894.32	0.000000	55228	65534
36490330	3.369766	1894.53	0.000001	55237	65534
38396197	1.973551	1894.63	0.000000	55241	65534
39889638	8.056392	1894.74	0.000000	55246	65534
41868550	7.641557	1895.20	0.000001	55265	65534
42534449	10.885486	1895.32	0.000001	55270	65534
42597683	2.164877	1895.32	0.000000	55270	65534
42685158	1.862390	1895.32	0.000000	55270	65534
43196169	1.699178	1895.32	0.000000	55270	65534
43272442	0.647688	1895.32	0.000000	55270	65534
44368417	7.549011	1895.41	0.000000	55274	65534
44665341	3.511443	1895.41	0.000000	55274	65534
45505435	7.468497	1895.51	0.000000	55278	65534
47576666	0.960374	1895.79	0.000000	55290	65534
48027090	12.896113	1895.87	0.000000	55293	65534
48504049	2.334116	1895.98	0.000001	55298	65534
48685908	7.195266	1895.98	0.000000	55298	65534
50189418	6.970866	1896.25	0.000000	55309	65534
51065450	5.500514	1896.27	0.000000	55310	65534
51432921	1.563971	1896.32	0.000000	55312	65534
52133310	3.788798	1896.41	0.000000	55316	65534
54848325	6.468445	1896.89	0.000000	55336	65534
58006780	3.590252	1897.27	0.000000	55352	65534
58027498	0.540668	1897.27	0.000000	55352	65534
58711171	1.275936	1897.27	0.000000	55352	65534
59247834	1.983201	1897.30	0.000000	55353	65534
59422425	7.711175	1897.37	0.000001	55356	65534
64539349	8.142310	1897.80	0.000000	55374	65534
65799200	14.208293	1897.87	0.000000	55377	65534
67305732	1.987823	1897.99	0.000000	55382	65534
67533582	13.312789	1897.99	0.000000	55382	65534
67821642	1.535082	1897.99	0.000000	55382	65534
67863346	3.735356	1897.99	0.000000	55382	65534
68058399	1.563406	1897.99	0.000000	55382	65534
68840572	5.124462	1898.08	0.000000	55386	65534
70519740	1.036273	1898.23	0.000000	55392	65534
71822689	13.107708	1898.32	0.000000	55396	65534
72081157	7.721565	1898.32	0.000000	55396	65534
73006127	0.994758	1898.35	0.000000	55397	65534
74553392	1.251129	1898.66	0.000001	55410	65534
75062465	3.124730	1898.77	0.000001	55415	65534
75157804	2.594640	1898.77	0.000000	55415	65534
77030673	0.302331	1899.01	0.000000	55425	65534
77705905	0.377583	1899.04	0.000000	55426	65534
81063633	11.491275	1899.32	0.000000	55438	65534
81704049	10.492562	1899.42	0.000000	55442	65534
82734751	6.968911	1899.51	0.000000	55446	65534
84389948	4.114367	1899.59	0.000000	55449	65534
84521240	2.322102	1899.66	0.000002	55452	65534
86664439	1.903432	1899.80	0.000000	55458	65534
87301032	6.209382	1899.80	0.000000	55458	65534
88619786	1.040392	1899.87	0.000000	55461	65534
89331337	0.756769	1899.87	0.000000	55461	65534
90757973	8.755494	1899.94	0.000000	55464	65534
92155321	4.397815	1899.94	0.000000	55464	65534
92648415	0.414876	1899.94	0.000000	55464	65534
93095734	1.768326	1899.94	0.000000	55464	65534
94212334	1.774529	1900.09	0.000000	55470	65534
94394075	2.034169	1900.13	0.000000	55472	65534
95252199	2.723393	1900.13	0.000000	55472	65534
96801672	2.023778	1900.25	0.000000	55477	65534
97739080	4.913114	1900.28	0.000000	55478	65534
99428261	0.263667	1900.40	0.000000	55483	65534
102052017	7.266490	1900.56	0.000000	55490	65534
102525534	6.233722	1900.56	0.000000	55490	65534
103625986	5.686628	1900.56	0.000000	55490	65534
104207646	7.942709	1900.59	0.000000	55491	65534
106521502	6.523227	1900.80	0.000000	55500	65534
107438146	2.699779	1900.80	0.000000	55500	65534
108549485	0.314227	1900.85	0.000000	55502	65534
108610775	1.794596	1900.85	0.000000	55502	65534
109726488	0.197648	1900.87	0.000000	55503	65534
110579458	0.945089	1900.90	0.000000	55504	65534
111792412	0.168502	1900.97	0.000000	55507	65534
114369645	0.189645	1900.99	0.000000	55508	65534
115396437	0.113912	1900.99	0.000000	55508	65534
117562658	2.414309	1901.04	0.000000	55510	65534
117927452	2.034498	1901.06	0.000000	55511	65534
121705740	0.378995	1901.11	0.000000	55513	65534
123069837	1.007957	1901.18	0.000000	55516	65534
126015522	4.552453	1901.21	0.000000	55517	65534
126020901	0.168758	1901.21	0.000000	55517	65534
126194761	0.339817	1901.21	0.000000	55517	65534
126243498	0.232602	1901.23	0.000001	55518	65534
127076953	1.765831	1901.25	0.000000	55519	65534
128218287	0.094788	1901.42	0.000000	55526	65534
128824327	1.363386	1901.47	0.000000	55528	65534
129378579	0.082602	1901.49	0.000000	55529	65534
129853980	0.201619	1901.49	0.000000	55529	65534
131878156	3.536913	1901.61	0.000000	55534	65534
133361990	1.137070	1901.64	0.000000	55535	65534
134151441	1.134741	1901.66	0.000000	55536	65534
134611228	1.570897	1901.68	0.000000	55537	65534
134735516	4.062622	1901.68	0.000000	55537	65534
135277430	0.071642	1901.68	0.000000	55537	65534
136470526	0.229327	1901.73	0.000000	55539	65534
138642034	1.599125	1901.80	0.000000	55542	65534
139555217	1.428144	1901.87	0.000000	55545	65534
139818186	9.533002	1901.87	0.000000	55545	65534
140506486	1.540547	1901.87	0.000000	55545	65534
140521354	0.463504	1901.87	0.000001	55545	65534
141030283	0.653106	1901.87	0.000000	55545	65534
142090325	0.162020	1901.95	0.000000	55548	65534
