3019641	9.313026	96.524993	148.09	0.001235	1779	2046
3298719	7.907261	96.048680	148.09	0.000000	1779	2046
3569840	8.954832	96.150271	148.09	0.000000	1779	2046
4090288	6.649771	96.879937	148.10	0.000001	1780	2046
6050487	5.751582	95.919461	148.10	0.000000	1780	2046
6772021	6.035285	96.034578	148.10	0.000000	1780	2046
7626364	5.445952	97.870994	148.10	0.000000	1780	2046
11986842	2.851531	96.319832	148.10	0.000000	1780	2046
12206838	3.965244	96.323874	148.10	0.000000	1780	2046
15748303	2.007748	96.077400	148.10	0.000000	1780	2046
16313898	3.929781	139.405362	148.10	0.000000	1780	2046
17274153	7.339960	96.065512	148.10	0.000000	1780	2046
17491044	3.062849	96.207328	148.10	0.000000	1780	2046
21171864	2.023739	98.661685	148.10	0.000000	1780	2046
21226961	3.515330	107.232802	148.10	0.000000	1780	2046
21730568	4.310373	96.899726	148.10	0.000000	1780	2046
21814782	2.100322	96.044228	148.10	0.000000	1780	2046
22227418	3.806530	100.082141	148.10	0.000000	1780	2046
22359401	2.912707	97.158029	148.10	0.000000	1780	2046
25235600	2.216425	95.925087	148.10	0.000000	1780	2046
26056346	3.861625	95.911890	148.10	0.000000	1780	2046
26938583	3.261621	96.684991	148.10	0.000000	1780	2046
27546240	3.149458	96.415821	148.10	0.000000	1780	2046
32697882	2.794115	98.357223	148.10	0.000000	1780	2046
32844783	1.447644	96.554985	148.10	0.000000	1780	2046
34359692	2.783482	98.004164	148.10	0.000000	1780	2046
34544580	2.052824	97.355436	148.10	0.000000	1780	2046
34679830	2.285833	96.930355	148.10	0.000000	1780	2046
35043232	1.448431	97.191163	148.10	0.000000	1780	2046
36435257	1.999538	95.931722	148.10	0.000000	1780	2046
36484714	1.714163	96.087794	148.10	0.000000	1780	2046
37342985	2.808342	102.516637	148.10	0.000000	1780	2046
37382302	3.438391	96.601439	148.10	0.000000	1780	2046
40280458	1.456104	97.791112	148.10	0.000000	1780	2046
41395937	2.277398	95.897640	148.10	0.000000	1780	2046
42752253	1.367895	97.488574	148.10	0.000000	1780	2046
44539810	2.201702	113.331059	148.10	0.000000	1780	2046
44881809	1.780481	97.772071	148.10	0.000000	1780	2046
45106604	2.579330	97.340039	148.10	0.000000	1780	2046
46780318	1.604775	101.147649	148.10	0.000000	1780	2046
47106822	1.048040	105.787564	148.10	0.000000	1780	2046
47737476	0.850389	98.165892	148.10	0.000000	1780	2046
48131004	2.500111	104.319059	148.10	0.000000	1780	2046
48556976	1.437679	101.274316	148.10	0.000000	1780	2046
48612074	4.309652	99.245812	148.10	0.000000	1780	2046
49244174	1.050762	101.985433	148.10	0.000000	1780	2046
49461393	1.311129	97.807618	148.10	0.000000	1780	2046
50231412	0.692860	99.217448	148.10	0.000000	1780	2046
51059789	2.005864	97.228395	148.10	0.000000	1780	2046
51307662	2.502526	97.806429	148.10	0.000000	1780	2046
53053516	2.504682	104.413744	148.10	0.000000	1780	2046
53197953	1.640284	114.648347	148.10	0.000000	1780	2046
55403419	1.999630	98.710694	148.10	0.000000	1780	2046
57373760	3.725245	96.027805	148.10	0.000000	1780	2046
59542496	2.145147	98.555589	148.10	0.000000	1780	2046
59848158	0.474710	98.305728	148.10	0.000000	1780	2046
60272178	2.083402	96.912756	148.10	0.000000	1780	2046
60911241	0.728483	98.414046	148.10	0.000000	1780	2046
62222294	1.484034	95.909266	148.10	0.000000	1780	2046
63789408	0.532386	105.282192	148.10	0.000000	1780	2046
65511053	2.611412	97.231742	148.10	0.000000	1780	2046
65522386	0.477916	96.100763	148.10	0.000000	1780	2046
65952212	2.332274	99.867423	148.10	0.000000	1780	2046
66577301	2.690076	97.840203	148.10	0.000000	1780	2046
67406194	1.507022	95.906369	148.10	0.000000	1780	2046
68092763	1.730523	95.933594	148.10	0.000000	1780	2046
68141763	1.146431	96.079743	148.10	0.000000	1780	2046
70498246	1.640823	97.717414	148.10	0.000000	1780	2046
70805663	1.132790	99.458523	148.10	0.000000	1780	2046
71110242	1.601006	120.469433	148.10	0.000000	1780	2046
74764319	1.680868	96.022709	148.10	0.000000	1780	2046
76177851	1.062604	104.514921	148.10	0.000000	1780	2046
77092147	1.951614	136.932488	148.10	0.000000	1780	2046
79304644	0.873016	96.139433	148.10	0.000000	1780	2046
81028528	0.824974	97.583565	148.10	0.000000	1780	2046
82865092	0.494164	99.545291	148.10	0.000000	1780	2046
82866758	1.363266	162.874516	148.10	0.000000	1780	2046
85118796	0.786329	95.925748	148.10	0.000000	1780	2046
85613647	0.385620	184.199928	148.10	0.000000	1780	2046
86250745	0.640943	98.229692	148.10	0.000000	1780	2046
86978159	0.795095	103.692267	148.10	0.000000	1780	2046
86986094	1.526059	98.000226	148.10	0.000000	1780	2046
88295543	0.568385	103.679290	148.10	0.000000	1780	2046
89135326	0.502762	97.850739	148.10	0.000000	1780	2046
90062476	0.748797	99.698722	148.10	0.000000	1780	2046
91337425	1.114554	99.557669	148.10	0.000000	1780	2046
94194639	0.934435	109.086090	148.10	0.000000	1780	2046
94890985	0.850591	98.383747	148.10	0.000000	1780	2046
96498017	0.860499	105.879996	148.10	0.000000	1780	2046
96854151	0.187742	101.757084	148.10	0.000000	1780	2046
97846943	1.428703	103.738772	148.10	0.000000	1780	2046
98700601	0.474017	96.053807	148.10	0.000000	1780	2046
100423066	0.964043	127.542909	148.10	0.000000	1780	2046
101067777	2.539696	96.787795	148.10	0.000000	1780	2046
101167895	1.171270	107.967678	148.10	0.000000	1780	2046
103198184	1.121333	97.262920	148.10	0.000000	1780	2046
103431172	0.400245	102.284509	148.10	0.000000	1780	2046
103551532	0.772748	97.159099	148.10	0.000000	1780	2046
103926228	0.541721	101.772469	148.10	0.000000	1780	2046
104029667	0.277394	96.072361	148.10	0.000000	1780	2046
104057683	0.221045	101.551607	148.10	0.000000	1780	2046
104302002	1.331910	95.641016	148.10	0.000000	1780	2046
104694655	0.610142	96.482674	148.10	0.000000	1780	2046
106167531	1.038432	117.072112	148.10	0.000000	1780	2046
108754689	1.292186	96.186713	148.10	0.000000	1780	2046
109715786	0.558522	97.982510	148.10	0.000000	1780	2046
110565890	0.367489	96.944608	148.10	0.000000	1780	2046
111414786	0.873931	96.336895	148.10	0.000000	1780	2046
112146906	0.193626	105.757277	148.10	0.000000	1780	2046
112755120	1.264630	96.460475	148.10	0.000000	1780	2046
113283352	1.438027	118.127645	148.10	0.000000	1780	2046
113980813	0.165685	110.032247	148.10	0.000000	1780	2046
115347437	0.840356	99.225067	148.10	0.000000	1780	2046
115756611	0.840327	103.690422	148.10	0.000000	1780	2046
117478177	0.167386	100.482216	148.10	0.000000	1780	2046
117566965	1.016357	105.074680	148.10	0.000000	1780	2046
118052959	0.214940	99.286483	148.10	0.000000	1780	2046
119683542	0.751131	100.748851	148.10	0.000000	1780	2046
119710420	0.529872	97.332037	148.10	0.000000	1780	2046
119784371	0.146300	108.007378	148.10	0.000000	1780	2046
120392028	1.017582	96.121180	148.10	0.000000	1780	2046
120554932	0.774786	96.508579	148.10	0.000000	1780	2046
120958321	0.597585	98.782001	148.10	0.000000	1780	2046
121139502	2.755250	100.195792	148.10	0.000000	1780	2046
123235519	0.457347	100.629925	148.10	0.000000	1780	2046
124602576	1.109044	97.120211	148.10	0.000000	1780	2046
125121315	0.174772	98.978791	148.10	0.000000	1780	2046
125709141	1.047396	105.074209	148.10	0.000000	1780	2046
125863389	1.036685	100.204481	148.10	0.000000	1780	2046
127042393	0.764673	100.010929	148.10	0.000000	1780	2046
127275698	0.186902	100.992887	148.10	0.000000	1780	2046
127847288	0.653983	98.963943	148.10	0.000000	1780	2046
129405822	1.403066	101.038607	148.10	0.000000	1780	2046
129950216	1.109179	122.967810	148.10	0.000000	1780	2046
131467502	0.351405	103.053496	148.10	0.000000	1780	2046
132721244	1.016540	107.036740	148.10	0.000000	1780	2046
133406756	0.624560	98.151508	148.10	0.000000	1780	2046
134460761	0.264300	254.695748	148.10	0.000000	1780	2046
135511991	0.281520	138.183831	148.10	0.000000	1780	2046
137087778	0.689278	110.515392	148.10	0.000000	1780	2046
140100973	0.458234	96.253101	148.10	0.000000	1780	2046
141693168	0.305240	107.117964	148.10	0.000000	1780	2046
143004542	0.856179	115.352353	148.10	0.000000	1780	2046
143681459	0.140615	103.409486	148.10	0.000000	1780	2046
144163672	0.133083	112.500625	148.10	0.000000	1780	2046
144627006	0.167972	97.947789	148.10	0.000000	1780	2046
144809721	1.048349	102.815525	148.10	0.000000	1780	2046
