775	0.331869	91.617294	142.22	3.966383	754	2046
904	0.275738	91.596801	142.41	0.111104	786	2046
956	0.276083	91.584168	142.53	0.296418	808	2046
2294	0.995349	91.600592	144.16	0.121828	1093	2046
2589	1.106711	91.551269	144.43	0.078484	1139	2046
3143	0.892194	91.592093	144.80	0.050919	1204	2046
4923	3.576449	91.606383	145.50	0.029003	1327	2046
5886	3.003073	91.597016	145.90	0.029032	1396	2046
5957	5.343528	91.589145	145.90	0.003737	1397	2046
6226	1.706114	91.582717	145.97	0.012860	1408	2046
6632	3.676124	91.585776	146.04	0.009835	1420	2046
7028	2.823899	91.586763	146.16	0.022197	1442	2046
7096	3.887842	91.588640	146.20	0.031286	1448	2046
7895	3.932094	91.580304	146.33	0.011661	1472	2046
9130	4.656949	91.589328	146.60	0.024796	1518	2046
9340	5.839512	91.630089	146.60	0.001267	1519	2046
9536	4.615619	91.590505	146.64	0.014954	1525	2046
10046	5.015734	91.587601	146.73	0.023474	1541	2046
10459	8.756555	91.590771	146.78	0.007087	1549	2046
10778	3.953877	91.602098	146.79	0.001658	1551	2046
11014	3.605723	91.639456	146.80	0.004509	1554	2046
11397	5.204104	91.558376	146.86	0.006946	1563	2046
13125	6.724866	91.548781	147.03	0.005548	1593	2046
14791	5.459588	91.577273	147.12	0.003674	1610	2046
14889	7.581998	91.588179	147.14	0.005429	1612	2046
15426	6.068443	91.599192	147.16	0.001984	1616	2046
16307	5.841978	91.581080	147.23	0.004829	1629	2046
16425	6.054100	91.572356	147.24	0.004506	1631	2046
16455	5.258080	91.572960	147.24	0.000000	1631	2046
16909	7.664592	91.592625	147.25	0.000584	1632	2046
17995	8.316414	91.640994	147.32	0.005898	1644	2046
18045	6.850589	91.593274	147.32	0.000000	1644	2046
18237	5.137907	91.619749	147.32	0.001386	1645	2046
18471	5.319496	91.636819	147.34	0.002267	1647	2046
18684	7.136771	91.597175	147.34	0.001252	1648	2046
18889	7.331541	91.633122	147.36	0.003900	1651	2046
20083	8.093746	91.592794	147.37	0.000446	1653	2046
20310	7.837606	91.604258	147.38	0.001174	1654	2046
20462	9.763804	91.587485	147.38	0.001745	1655	2046
20511	7.585527	91.626720	147.38	0.000000	1655	2046
20642	12.252407	91.601934	147.39	0.002035	1656	2046
21200	11.510411	91.583913	147.43	0.004289	1663	2046
23113	5.840528	91.581606	147.49	0.001529	1674	2046
23603	8.390064	91.615884	147.51	0.001630	1677	2046
23747	8.641199	91.641028	147.51	0.000000	1677	2046
24760	11.159287	91.588274	147.53	0.000787	1680	2046
26515	9.187752	91.590998	147.60	0.002274	1693	2046
26918	9.859821	91.607688	147.60	0.000000	1693	2046
27673	9.629288	91.590864	147.61	0.001061	1695	2046
27821	8.675018	91.627218	147.61	0.000000	1695	2046
29662	9.166199	91.593486	147.62	0.000289	1697	2046
31815	15.315217	91.599733	147.66	0.000989	1704	2046
32470	8.628264	91.607212	147.66	0.000000	1704	2046
32656	10.698836	91.574282	147.66	0.000000	1704	2046
33885	13.345042	91.602138	147.67	0.000216	1705	2046
34011	12.978547	91.624092	147.67	0.000000	1705	2046
36544	9.587246	91.581284	147.67	0.000000	1705	2046
37690	8.425568	91.591377	147.69	0.001627	1708	2046
39609	13.302321	91.594121	147.69	0.000000	1708	2046
40854	9.165645	91.592562	147.69	0.000215	1709	2046
40864	11.907780	91.584685	147.69	0.000000	1709	2046
41676	12.820893	91.619119	147.69	0.000000	1709	2046
43488	10.092490	91.593047	147.70	0.000294	1711	2046
43582	12.852798	91.586043	147.70	0.000000	1711	2046
43825	11.812123	91.585556	147.70	0.000000	1711	2046
44100	12.357566	91.596324	147.70	0.000000	1711	2046
46365	12.052934	91.583540	147.70	0.000000	1711	2046
46744	12.872145	91.599090	147.70	0.000000	1711	2046
48813	15.421948	91.586533	147.70	0.000000	1711	2046
49035	15.741651	91.607663	147.70	0.000000	1711	2046
49152	12.441448	91.600367	147.70	0.000000	1711	2046
50502	16.736571	91.617590	147.71	0.000394	1713	2046
52639	13.379411	91.602952	147.71	0.000000	1713	2046
57307	12.711128	91.584711	147.73	0.000399	1716	2046
57541	11.480185	91.592436	147.73	0.000000	1716	2046
57707	13.433317	91.630479	147.73	0.000000	1716	2046
58741	12.891117	91.590747	147.73	0.000000	1716	2046
58846	15.729828	91.625836	147.73	0.000000	1716	2046
58864	16.740588	91.596274	147.73	0.000000	1716	2046
60347	15.041338	91.611325	147.73	0.000000	1716	2046
