1	11614
2	13779
3	4422
4	16417
5	10739
6	16124
7	12576
8	16414
9	10105
10	11123
11	11408
12	20764
13	12087
14	11420
15	16168
16	6912
17	13046
18	0
19	2861
20	4113
21	2466
22	17038
23	0
24	10396
25	11165
26	16087
27	16286
28	5252
29	8744
30	11128
31	7341
32	3581
33	2278
34	12103
35	3769
36	3794
37	22724
38	0
39	292
40	1384
41	17840
42	0
43	11762
44	25159
45	5163
46	11619
47	13884
48	13652
49	11291
50	642
51	16635
52	10318
53	6602
54	17109
55	5391
56	14836
57	3753
58	3193
59	15625
60	16956
61	12319
62	8101
63	0
64	8003
65	11725
66	23246
67	10406
68	2282
69	7142
70	17080
71	12005
72	14182
73	10270
74	6101
75	0
76	11837
77	6897
78	9702
79	7523
80	9694
81	0
82	18887
83	1172
84	13975
85	12893
86	11694
87	14065
88	8323
89	17566
90	22592
91	12001
92	947
93	0
94	12623
95	20585
96	9929
97	13640
98	3743
99	11234
100	6266
