OUT: 0	0.100000	1.654933	1.471750	0.998700
OUT: 1	0.100000	0.949315	0.164945	0.999900
OUT: 0	0.200000	2.210749	2.796831	0.984400
OUT: 1	0.200000	1.003132	0.194938	1.000000
OUT: 0	0.300000	1.509530	2.506328	0.948333
OUT: 1	0.300000	0.720489	0.128148	1.000000
OUT: 0	0.400000	1.662141	2.891555	0.938667
OUT: 1	0.400000	0.726319	0.111034	1.000000
OUT: 0	0.500000	1.802729	3.293499	0.924333
OUT: 1	0.500000	0.721250	0.125445	1.000000
OUT: 0	0.600000	1.825322	3.926032	0.886000
OUT: 1	0.600000	0.726622	0.110276	1.000000
OUT: 0	0.700000	1.931206	4.324573	0.891667
OUT: 1	0.700000	0.724070	0.117765	1.000000
OUT: 0	0.800000	2.071867	4.926579	0.845333
OUT: 1	0.800000	0.723122	0.120635	1.000000
OUT: 0	0.900000	1.978570	4.746252	0.842000
OUT: 1	0.900000	0.719404	0.130744	1.000000
OUT: 0	1.000000	2.318324	6.088171	0.789667
OUT: 1	1.000000	1.066143	0.273503	1.000000
OUT: 0	0.010000	0.000000	0.000000	1.000000
OUT: 1	0.010000	0.726820	0.117323	1.000000
OUT: 0	0.020000	0.939434	0.529182	1.000000
OUT: 1	0.020000	0.724886	0.116363	1.000000
OUT: 0	0.030000	0.897376	0.441686	0.999667
OUT: 1	0.030000	0.722001	0.124117	1.000000
OUT: 0	0.040000	1.531480	1.092777	1.000000
OUT: 1	0.040000	0.959341	0.188796	0.999667
OUT: 0	0.050000	1.359911	0.922595	1.000000
OUT: 1	0.050000	1.072767	0.257232	1.000000
OUT: 0	0.060000	1.623560	1.224402	1.000000
OUT: 1	0.060000	0.650378	0.484793	1.000000
OUT: 0	0.070000	1.835062	1.630343	0.999000
OUT: 1	0.070000	1.085079	0.255352	1.000000
OUT: 0	0.080000	1.632786	1.306317	0.998333
OUT: 1	0.080000	0.964483	0.162098	1.000000
OUT: 0	0.090000	1.768773	1.555459	0.998333
OUT: 1	0.090000	0.716389	0.550328	1.000000
OUT: 0	0.100000	1.945284	1.927054	0.993000
OUT: 1	0.100000	0.965752	0.170875	1.000000
